[LEFT_CAM_2K]
fx=1068.93
fy=1068.62
cx=1129.98
cy=619.786
k1=-0.0672162
k2=0.0486201
p1=9.02109e-06
p2=0.000594016
k3=-0.0201925

[RIGHT_CAM_2K]
fx=1068.76
fy=1068.48
cx=1126.36
cy=629.401
k1=-0.0550078
k2=0.0268009
p1=-9.77689e-06
p2=0.000249827
k3=-0.0100478

[LEFT_CAM_FHD]
fx=1068.93
fy=1068.62
cx=985.98
cy=538.786
k1=-0.0672162
k2=0.0486201
p1=9.02109e-06
p2=0.000594016
k3=-0.0201925

[RIGHT_CAM_FHD]
fx=1068.76
fy=1068.48
cx=982.36
cy=548.401
k1=-0.0550078
k2=0.0268009
p1=-9.77689e-06
p2=0.000249827
k3=-0.0100478

[LEFT_CAM_HD]
fx=534.465
fy=534.31
cx=651.49
cy=357.893
k1=-0.0672162
k2=0.0486201
p1=9.02109e-06
p2=0.000594016
k3=-0.0201925

[RIGHT_CAM_HD]
fx=534.38
fy=534.24
cx=649.68
cy=362.7005
k1=-0.0550078
k2=0.0268009
p1=-9.77689e-06
p2=0.000249827
k3=-0.0100478

[LEFT_CAM_VGA]
fx=267.2325
fy=267.155
cx=341.245
cy=186.4465
k1=-0.0672162
k2=0.0486201
p1=9.02109e-06
p2=0.000594016
k3=-0.0201925

[RIGHT_CAM_VGA]
fx=267.19
fy=267.12
cx=340.34
cy=188.85025
k1=-0.0550078
k2=0.0268009
p1=-9.77689e-06
p2=0.000249827
k3=-0.0100478

[LEFT_DISTO]
k1=-1.20746
k2=2.15129
k3=0.267506
k4=-1.11171
k5=1.98802
k6=0.433689
p1=0.000105129
p2=0.000362645

[RIGHT_DISTO]
k1=-1.26614
k2=2.82312
k3=0.124478
k4=-1.17135
k5=2.66986
k6=0.302821
p1=-0.00012507
p2=0.000145033

[STEREO]
Baseline=120.098
TY=0.116342
TZ=0.0738537
CV_2K=0.000338757
CV_FHD=0.000338757
CV_HD=0.000338757
CV_VGA=0.000338757
RX_2K=-0.000526281
RX_FHD=-0.000526281
RX_HD=-0.000526281
RX_VGA=-0.000526281
RZ_2K=-0.00053472
RZ_FHD=-0.00053472
RZ_HD=-0.00053472
RZ_VGA=-0.00053472

[MISC]
Sensor_ID=0

