[LEFT_CAM_2K]
fx=1067.67
fy=1067.7
cx=1102.74
cy=627.308
k1=-0.0599034
k2=0.0385655
p1=-0.000251378
p2=-0.000108197
k3=-0.0159751

[RIGHT_CAM_2K]
fx=1063.63
fy=1063.74
cx=1100.05
cy=617.721
k1=-0.0685161
k2=0.0516148
p1=-0.000265301
p2=-0.000200901
k3=-0.0215764

[LEFT_CAM_FHD]
fx=1067.67
fy=1067.7
cx=958.74
cy=546.308
k1=-0.0599034
k2=0.0385655
p1=-0.000251378
p2=-0.000108197
k3=-0.0159751

[RIGHT_CAM_FHD]
fx=1063.63
fy=1063.74
cx=956.05
cy=536.721
k1=-0.0685161
k2=0.0516148
p1=-0.000265301
p2=-0.000200901
k3=-0.0215764

[LEFT_CAM_HD]
fx=533.835
fy=533.85
cx=637.87
cy=361.654
k1=-0.0599034
k2=0.0385655
p1=-0.000251378
p2=-0.000108197
k3=-0.0159751

[RIGHT_CAM_HD]
fx=531.815
fy=531.87
cx=636.525
cy=356.8605
k1=-0.0685161
k2=0.0516148
p1=-0.000265301
p2=-0.000200901
k3=-0.0215764

[LEFT_CAM_VGA]
fx=266.9175
fy=266.925
cx=334.435
cy=188.327
k1=-0.0599034
k2=0.0385655
p1=-0.000251378
p2=-0.000108197
k3=-0.0159751

[RIGHT_CAM_VGA]
fx=265.9075
fy=265.935
cx=333.7625
cy=185.93025
k1=-0.0685161
k2=0.0516148
p1=-0.000265301
p2=-0.000200901
k3=-0.0215764

[LEFT_DISTO]
k1=-1.8506
k2=3.11091
k3=0.0373805
k4=-1.76858
k5=2.95473
k6=0.210306
p1=-1.98858e-05
p2=-9.23748e-05

[RIGHT_DISTO]
k1=-1.72048
k2=1.95949
k3=0.220479
k4=-1.63971
k5=1.8011
k6=0.360971
p1=-0.000132637
p2=5.80896e-05

[STEREO]
Baseline=120.116
TY=-0.0552032
TZ=-0.10348
CV_2K=-0.00146441
CV_FHD=-0.00146441
CV_HD=-0.00146441
CV_VGA=-0.00146441
RX_2K=0.00193998
RX_FHD=0.00193998
RX_HD=0.00193998
RX_VGA=0.00193998
RZ_2K=9.60668e-06
RZ_FHD=9.60668e-06
RZ_HD=9.60668e-06
RZ_VGA=9.60668e-06

[MISC]
Sensor_ID=0

